% J2 = 1.26e-3;
J2 = 4.35e-3;